2661
567
2507
1769
3586
4016
725
4620
1250
349
996
1702
1754
1822
4311
4398
2391
3878
2996
3841
3265
2444
3081
3475
1129
3186
1127
2596
2979
2442
3979
1760
1599
2235
1700
1323
2917
1660
911
1826
1637
3135
1333
3587
3213
2143
2357
1771
830
4485
3070
796
3585
679
1862
3917
546
1249
1856
1398
2649
4421
3854
3132
1426
1726
3992
1837
922
4543
4903
3293
2450
1718
1080
2849
1580
1242
780
3958
1997
2640
2912
1338
3914
3405
4998
3657
4468
2658
3929
57
873
117
3943
1169
366
3093
3995
322
2814
3181
885
1151
2480
3600
412
2425
2571
2524
4932
4622
1125
2079
1739
3581
805
587
1298
760
763
3165
1387
1105
1757
4113
4046
55
561
944
1860
2674
237
4015
2657
2947
1466
1384
564
1878
4832
2445
346
3310
123
2123
105
2971
882
71
1623
4776
4531
2560
148
1004
3589
3945
2484
2514
4641
4339
2736
704
1026
2034
3237
1846
2871
2380
4929
2952
985
4157
2955
2688
4289
4454
70
1417
3936
3109
4445
1445
3650
1850
520
698
1832
169
4517
318
4202
768
2922
2095
800
3920
736
3434
693
3486
2722
936
1996
4355
3071
755
4153
1457
3095
2792
1212
3874
1816
3740
3737
2994
2173
4189
1265
524
3916
2354
4914
120
2456
728
3282
2850
88
3470
2698
1407
1085
4451
565
181
4028
1012
3911
1447
2535
3075
1257
4057
902
4281
858
217
2676
3836
1361
1835
2249
900
2696
3900
3479
2684
2407
4061
1020
4918
2706
2313
1286
403
1672
829
3037
1727
3338
2274
4097
2248
3712
4739
1999
2946
3935
1857
3832
1539
3790
2891
4103
4111
1171
54
3134
2647
4163
955
4044
3834
335
313
3160
69
163
939
4504
489
2388
753
2153
623
2089
2847
3973
245
2461
1252
3962
2245
3347
2272
228
4365
1131
1889
651
1331
4746
787
2652
2579
2163
376
2940
1821
1093
316
4259
4650
3016
2586
1777
2051
1325
555
263
964
473
471
4769
1941
3102
3361
3741
3146
870
3575
4203
445
3014
3428
2351
841
2225
440
2048
3788
2455
291
1149
3303
1330
510
2311
892
2144
898
229
1560
3592
2065
650
3537
2260
840
2306
699
2499
3696
673
3811
1332
2622
2479
365
3419
3175
648
3315
4656
3088
2961
855
2147
4872
194
2878
912
702
3015
588
1537
4483
1823
3824
819
1423
1522
3596
3749
354
1936
1066
508
431
3876
3954
1796
3010
4666
2957
4593
174
4245
3593
4448
3705
2831
2317
4777
4183
2145
2120
183
3429
1430
4348
3695
2414
4927
4042
4446
4520
3515
387
396
3482
437
198
81
4892
2427
1639
925
1529
2315
1544
3441
868
1710
2446
806
3050
4341
2872
4453
4309
2108
2556
2098
367
3383
2084
2379
738
2813
554
1071
3666
894
2133
4184
4275
1873
373
866
1958
2439
1830
2312
3214
4004
3615
3367
1204
4279
2858
4151
4684
3843
2215
4538
3208
2977
3119
3558
3080
2021
2327
1879
4844
633
1701
447
4601
3877
2310
4425
3902
1422
2289
2627
4436
4329
795
803
4017
945
666
1285
4755
3956
4267
2131
3043
3301
1613
1355
4036
3685
1790
910
2711
2681
1288
3443
2074
2029
4819
4725
2022
2738
4738
762
2075
410
2619
196
3152
281
3781
438
3023
2385
1612
997
1154
3791
1334
2936
3231
1845
1162
3889
802
2621
269
2934
4956
2428
411
2101
1607
4095
179
556
1079
4247
3291
2568
451
4201
2498
3407
3292
323
1723
2985
1473
4521
2422
835
1596
3942
3881
4158
4025
3912
2578
4389
1413
2931
3378
1342
432
4873
4391
615
3451
2705
3672
2052
4253
1368
4354
782
1034
1839
1993
1494
1479
2406
4108
915
2695
453
3810
2768
622
363
3801
1254
1734
4870
4737
90
4891
3516
933
391
2601
2238
4808
4756
3357
4925
2344
741
119
3734
2819
4822
1803
2668
1037
4922
2026
1140
2319
4149
3432
3316
3131
481
2085
3990
2411
2503
3238
4959
987
1279
3684
4440
773
869
126
2916
1078
886
2294
1420
2307
3051
2359
1812
3955
1047
2615
3069
1275
837
2953
1663
4144
2490
767
1717
2365
3074
288
95
1022
896
2580
78
3331
2964
1370
77
1193
4754
3040
3607
1761
1049
2449
1744
2298
47
4964
3306
478
3771
1329
3460
644
2956
3830
2532
3932
4574
2030
4257
522
1805
414
1810
965
4999
1562
2127
2533
619
4470
3469
617
2325
1872
2737
4866
1748
1088
2938
2076
3217
4855
2779
2194
1827
2572
1533
905
4604
2328
3849
1636
4931
3126
1446
1357
3991
4686
2355
215
4826
3988
1035
697
4534
4070
2437
857
3440
608
3698
1324
3837
525
1629
4096
3121
2825
3271
2983
375
2476
3308
786
2224
2382
2308
160
2295
3366
1038
456
2137
509
4462
2715
3552
729
820
1696
3147
3899
4654
3993
4837
1084
3312
3299
2682
1389
609
4477
4974
2135
480
2061
2459
3483
2254
31
1029
1067
2699
4240
1741
3360
4669
3796
1800
2322
1619
1468
2412
4907
3388
1134
1779
2607
3026
3018
374
1003
2448
2577
530
82
3424
2853
2959
3678
3302
2410
610
1418
2097
4930
4066
2390
1075
4266
1732
2904
2128
1556
2339
3971
2421
342
1348
317
161
1557
3639
3851
620
1100
1676
222
605
14
1824
1497
2782
2729
540
1377
1055
668
2818
4068
4821
3726
2229
321
743
854
329
2290
4148
330
4758
2094
3938
3520
1369
1642
3498
1887
2329
4205
848
2511
2704
1146
4751
1745
2717
1266
3532
3420
3940
205
3426
2054
483
4255
1746
3793
4612
1749
1481
1992
2523
4303
4814
3400
1192
649
2973
3896
923
3828
4514
531
3381
358
2710
1565
3594
208
490
1664
2553
958
3031
3344
4251
3110
4478
477
2210
442
643
3184
3161
2888
1011
1647
3890
3905
1046
4986
3390
1949
501
2913
3555
527
3289
4438
2080
740
4239
3959
3477
274
110
4757
2925
1444
1495
3270
2683
2626
393
3461
4993
4106
3412
3844
1708
1415
2364
658
1886
3343
2709
2741
3226
1260
178
4471
1465
3492
3442
895
1053
331
1807
3584
1564
3225
3706
2142
3067
1016
2264
247
3864
3430
1227
3538
2443
4452
42
2933
270
1456
1528
4394
3636
781
4898
3150
1553
3321
552
916
4291
2255
533
504
1152
545
4435
1258
1871
1534
2881
3856
4065
4032
1648
25
1472
1362
877
3910
700
3976
3643
2019
2273
2211
667
2415
3507
2046
2086
920
377
1829
4214
19
2278
559
745
2056
184
2700
3274
212
3425
4778
2911
4216
2106
202
3142
1939
3431
4793
4909
2441
3903
1107
3807
2481
978
3937
1492
2666
2105
3387
368
3076
2528
1347
4014
2338
3676
4308
4420
475
121
2714
1820
684
967
4094
3033
860
3083
3570
4941
4743
2269
3335
360
1236
891
3268
1516
661
2617
4347
4804
671
353
1763
977
883
4845
752
1815
362
850
4850
1336
3748
2018
2015
2673
3957
156
3840
3580
37
2117
3447
2966
4439
4803
1653
4580
1483
1831
3772
3668
1486
4444
4006
3675
4075
2271
4290
798
2898
138
4852
1772
1532
4472
3653
4381
665
3171
3000
1188
2937
1142
4147
532
364
3421
3567
4937
3861
1485
4901
3330
4346
2641
339
2655
838
1542
4215
479
1674
3078
2903
3021
953
1682
4860
2146
969
2416
4982
3098
1109
4392
1440
784
2954
2527
2458
4254
4336
4911
4026
4326
2113
516
973
2217
3598
2531
3635
742
901
1770
2862
4045
2221
226
3187
2815
3280
4328
3101
2419
924
3130
4076
4343
952
621
167
4636
4074
1987
2297
2191
2326
4519
1156
4047
616
2405
3806
3478
1893
2728
3013
4740
4663
4027
791
1540
2033
2148
4524
62
1654
4530
1669
2747
4110
3166
64
2707
310
1245
4670
4388
3286
1051
2944
2212
962
3375
2496
1498
2845
1317
271
4818
4633
3773
102
1433
4297
4817
1756
4035
3077
2460
1802
83
3402
865
1261
4469
4490
3324
2335
4997
3981
2138
3986
2585
1297
4619
2669
4353
1817
2597
2353
2259
4316
2787
3611
4043
2552
2590
1964
1638
4833
2529
688
968
1618
1168
754
511
241
3162
3494
1968
3
959
3719
603
4293
4565
1555
455
660
3944
472
1155
4934
428
4828
826
4920
2604
3249
2543
4915
2951
2868
436
706
913
2027
1246
550
1505
1884
4843
28
2980
1196
2409
4262
1666
3229
4071
4300
646
3053
326
1671
3048
2028
2685
2539
1866
334
1036
2454
1994
4461
3522
1030
3295
1683
1568
654
2948
4456
984
1202
1395
1143
4450
231
1045
592
3243
3743
1849
2646
4385
1180
1752
2902
3167
3466
4487
4062
1855
808
2077
2984
4928
3808
1842
3046
602
3174
3485
4055
2821
4865
4064
1383
1799
476
3603
1464
180
2522
3444
3386
189
4611
4965
3255
2987
4609
3554
4966
3885
2671
3294
1185
122
3794
4596
4810
836
3565
3355
2544
4921
2501
1989
3972
3597
3562
3190
696
1269
4315
3530
3401
175
2267
3873
1251
1360
4529
2905
4040
2576
3328
4292
244
4742
3148
3170
3149
1150
1385
2345
3673
3159
3978
1163
4573
4298
1551
2413
1531
792
3264
3733
3329
290
1218
4463
2239
48
2958
3337
4238
1695
1995
1753
58
4088
3838
2337
67
2716
3514
4229
4073
4139
1019
1885
50
774
4098
3467
853
2126
2228
3835
2340
2232
409
919
884
3563
2090
1899
1194
1241
4295
93
1048
2005
3527
981
2231
2346
4356
4258
2892
1593
4576
2115
1530
2156
3891
4801
3389
3869
3128
1920
3860
1170
4278
1731
1253
2589
3826
3713
876
151
4306
2237
4033
1541
2378
2801
4508
1848
246
1306
583
10
1608
1390
1238
1535
812
325
282
3232
789
849
4829
1922
2240
3601
1851
4766
2432
2895
4760
2742
2755
1806
3248
4486
4234
3647
3723
581
776
4910
3036
1411
4897
3326
2392
2041
2515
4408
162
2376
4869
2491
1314
3688
2836
84
3831
2202
2837
4182
3456
2889
2109
200
4629
1673
861
3453
1715
2032
2356
974
1289
30
1755
2440
3983
496
4270
750
2262
4052
1104
56
2279
1197
1621
3704
369
1675
1965
574
930
2341
2924
1819
3789
606
2816
243
3797
3906
1847
1431
1644
1804
3984
266
1097
1092
1706
3799
4957
319
4475
2559
4667
2044
43
4640
3056
3241
3714
1475
4378
1582
4384
2600
614
4048
4933
3123
670
3468
4049
3519
427
3276
1571
2869
4162
553
2452
4868
3339
2266
1646
2447
1091
1569
653
940
1733
1392
1668
4072
3223
2793
4164
3605
3376
1378
3039
2420
1315
2963
2253
3669
4790
1765
3770
1720
2371
3609
4031
4196
219
1488
3977
2292
1713
624
1707
2493
1137
1396
4264
3523
3273
1670
2091
4109
3261
236
372
3985
645
4310
611
3177
40
1184
1947
3219
1470
4037
21
4953
3656
4668
3111
1337
2247
1263
1043
172
4282
223
2897
1424
566
4204
3168
2190
2846
4839
27
3646
1617
370
388
3880
2010
1359
3438
1463
3154
2824
880
2588
3145
993
348
2151
506
1620
4653
4120
4767
1865
4908
917
268
733
1552
4367
828
4917
2873
3557
4775
2558
2473
921
2043
676
961
2844
4535
4812
4441
2773
1388
4787
1711
2114
240
1095
4304
238
4241
1759
3189
737
2828
2906
1343
3865
1031
2251
3325
519
692
164
4816
3001
4912
225
3455
3439
136
2375
3989
4217
2020
1200
2246
3820
3136
467
3707
4022
3803
4809
2324
3143
4218
1545
2288
2252
4154
4797
971
3311
4838
4967
659
3230
589
3625
4811
3346
4649
2702
3124
1863
3462
2435
3422
3297
1536
1311
4277
582
4063
2282
563
2725
2834
4940
23
1511
314
2848
3296
450
3821
1145
1525
4449
446
1425
3194
4744
233
3254
3097
2653
562
1083
3842
1
927
235
199
897
383
1199
3934
4561
4152
2423
573
3786
2256
3921
2451
3590
4390
1187
1427
344
2457
956
1616
3427
863
2750
3750
204
1072
3164
5
124
2972
811
8
2112
1547
389
1793
424
4614
1954
4054
2561
2703
4571
4069
4101
3362
3817
3341
2978
2233
2582
1039
2506
197
1986
397
112
4405
3495
903
218
2121
4018
3342
3982
3775
3503
839
2817
4338
3648
3897
3006
1546
2798
1738
1742
1482
2270
3569
647
49
821
890
1201
87
1058
529
4233
2150
4265
1041
3473
2162
1762
595
76
185
1811
1925
4105
3120
2968
1836
3333
887
2418
4232
1008
2500
3812
96
4884
1106
168
1098
3188
482
2915
638
1518
3288
3377
3746
1276
4250
68
359
2478
3559
118
3169
3855
232
1340
3602
1270
908
1728
4985
283
433
2265
3423
783
2309
3644
2263
4854
3649
761
3595
960
3875
4466
3133
1283
674
408
4226
3356
459
1294
3677
766
1108
435
2654
3641
3517
4246
4150
4464
785
2467
1190
4366
4242
3464
3220
1979
152
3928
2453
3207
2843
3385
825
881
695
669
4219
3651
2762
4770
1144
2104
103
1437
4476
2132
381
3747
657
3090
4077
4788
4211
4351
20
3298
3122
1173
441
2721
675
2667
1554
3446
3893
2078
3300
1247
66
1467
906
4051
2323
1935
1743
656
1099
630
1645
2303
1747
818
2358
4249
2595
2124
3544
2606
4187
2116
2887
2119
4556
146
1991
1381
3138
3798
4256
3566
227
1915
1567
1558
1391
2569
2063
864
4926
3379
3317
2342
1506
1397
4871
2860
4156
4119
4104
1082
315
63
4771
1186
166
4916
2047
4181
3096
1945
2258
371
872
2856
859
4007
3144
2347
2554
4442
3504
2581
2068
2395
3795
4467
2851
2031
2584
1624
1259
404
1235
4980
1946
4155
2053
1797
3664
1792
1971
2505
3994
1484
239
4902
1434
1191
4745
454
125
685
4102
3804
4615
686
2316
4041
3224
986
3571
2222
3084
1471
4848
3963
2592
61
4067
3642
4112
1662
2651
1867
3829
3203
1116
1211
705
2547
2806
1393
1033
201
731
2740
4899
165
3518
1262
2751
22
494
1798
2023
2431
4618
4616
4409
2648
4159
2867
1435
3780
1507
856
3933
3020
594
878
2293
1724
4634
3019
3025
3493
625
4759
2241
2766
918
4053
3867
2083
4344
1628
3002
3640
1714
1825
4333
1692
2855
264
4564
963
2468
1167
2058
1508
842
928
1916
1864
875
1050
4260
2833
1719
3279
1940
4628
203
1248
4516
3340
1813
3073
1399
206
1086
4455
4900
4883
1052
652
463
72
1677
1476
1301
2072
1876
7
2686
3939
1809
1416
1135
2907
3996
4020
3752
1938
957
80
1438
3354
3089
1412
1859
1970
3228
1649
690
4029
35
1139
60
4696
889
4166
1550
3125
3193
904
2894
4879
429
1328
2384
265
2866
1042
4798
2291
951
2975
3079
3484
221
4939
3396
1665
4936
338
1906
1681
1161
1013
324
528
4536
1789
4658
4800
1801
4301
3774
2107
29
4942
914
1089
4834
4458
2525
1631
3974
1341
386
3499
3049
4244
4923
3887
3521
2876
1758
813
1625
4938
1059
4542
2069
1948
2394
4424
2562
4864
2226
4783
2701
272
2893
1627
4853
1477
3257
3185
3769
176
4789
4376
439
182
2438
2436
2802
970
1044
2880
3560
3765
694
1944
3850
2859
3474
4750
790
3927
2261
3465
1480
4859
1040
4058
4533
3027
452
2765
2429
3759
3334
4296
3052
1060
4050
4457
4741
3319
843
3127
2942
242
2575
3358
2321
4161
4896
1090
3041
4280
333
1937
1018
3744
3278
352
3968
512
1287
691
214
357
1414
3913
2430
2941
2879
2896
4851
1943
2829
4140
2976
1439
2679
3872
1061
2
3670
1160
2767
2214
4768
4248
2555
3141
1891
4827
2752
3382
1094
1138
2125
560
1076
2424
2489
1174
2170
2989
1652
4645
4655
2234
2369
2383
3827
2509
3450
2564
2832
2304
4867
4905
2791
1764
1339
4706
2693
4465
4511
3082
2920
2013
4406
1781
907
2854
4813
4313
2974
3266
173
1729
935
1462
2494
3180
1751
361
678
1469
687
4805
1740
4685
2495
4613
1635
2650
3211
4794
3645
1358
2965
4165
862
1316
3151
355
3721
3526
3888
3045
663
3980
732
2884
677
4537
2557
1963
2508
4736
3433
1942
2318
4393
109
3481
2002
852
664
3825
1284
3866
1335
1808
1478
598
4846
3987
1725
2149
794
1382
3946
1685
3353
356
273
2665
4863
4160
1164
2521
1880
4474
1730
2672
3314
3847
59
1309
4369
2485
2352
3637
2314
4473
3454
423
3480
4024
998
4146
2223
3792
3491
1074
2563
2139
3218
934
4799
337
3068
1659
4815
3463
4377
1814
822
1256
3923
39
799
2014
3960
1626
2064
4141
2545
4056
1293
2863
224
3620
2492
584
2100
809
3687
2772
1828
1883
2218
1453
