10537014
7414970
268434
12027935
6182629
7391808
3672685
9105981
905530
11503479
10522230
498713
3881002
885894
1563900
11644301
922
6197836
1620328
1844644
8970797
7410049
5698860
681919
9054612
1072254
3926299
6184860
359179
6102507
10539380
3718401
6535413
7397599
3674982
1024974
1832185
1797087
11329017
6157820
1191954
11339173
355519
517692
537192
3813161
288434
827228
10533676
11085080
1014977
414062
6142431
16059
10519920
11528911
7414732
10808616
470001
1785554
1615427
1251194
3498132
8288600
6190266
6169865
11479316
4148931
6217107
4011991
3550902
1702282
9012950
11245025
2240179
6169888
9242288
6183992
10515743
6437113
6138280
2906585
3943769
3556136
4072848
1271802
10518012
1173838
3793220
675364
4238292
2125107
1777845
1492076
1138358
12090159
7412072
7414970
2231976
11318417
6204802
888548
6635256
1806710
6519847
11705240
1094404
10539910
9012707
3660685
1432372
541307
326006
807996
9339665
2816054
1834632
1859609
6142620
5736599
910598
1396171
3659871
3586471
4131617
11598376
3163954
6659290
11458139
11004467
5542939
1023489
6057216
10540931
832967
11318268
3951601
12033482
1132886
11298743
8954878
968773
521548
9096575
12111046
1218571
1556463
12085097
1594138
1436170
1411519
9589
312416
12027206
11682458
6188392
3426892
1283100
11170078
881122
11343155
11324875
10532689
2078542
12256746
84875
438918
2165992
11428673
10533669
3010069
6225793
7403218
1009945
9172349
6533417
109452
1037228
9050027
870343
10514965
165236
654210
1165194
10818492
7410296
9257328
12518264
1690837
4313808
10532442
7649913
94610
2097615
1524630
3850257
392534
2216676
10535575
9053595
1569095
5724745
6174831
6442968
10517777
11622152
6593425
1938914
6472803
1412815
10531701
6137480
10510724
5456
3771370
1977330
6183213
10547108
7846072
1758345
11100379
3785230
474683
12516300
10542620
3910596
7403960
3502936
6143129
6172406
4032630
6128087
3547759
11390058
1694967
10538967
6931931
11504410
1148238
11305645
1470595
9375170
7634248
1539747
9048718
6207800
1023473
1767670
3821920
10533754
1780223
9476232
9183814
926584
1306858
9295131
6118270
6477953
11565842
5742599
6118164
1079786
3861064
9037120
9142764
5664681
11418954
1059724
10541994
3504542
8209152
3552237
6473018
5702496
3056113
3659360
6201039
6452023
153339
10531939
3328810
5742446
1310379
9271866
6123416
302236
11320033
356441
3660868
12145838
2063295
1516460
11299693
936268
10589328
6170359
4077801
11503705
4065233
1723097
7415104
7649824
10519961
6184064
3325053
250959
5743502
6177992
1130929
4183228
304067
11730070
10544427
7630643
1433661
4195109
6122662
3768975
1362792
2017373
242473
4172068
5740729
1780023
1056934
6080544
3458839
11925002
7416067
10805
4356978
916123
11587130
3925947
931657
9505549
1519371
6195861
1801669
2817705
6138393
9110734
10540069
468219
3649050
512734
6172124
2050218
1507263
2176601
367681
783804
4093060
7652961
1366424
28053
9383227
57386
179272
6051456
6112046
6188858
8904336
3910158
11549873
6639263
6182629
5857990
6137018
11724914
2103196
6184064
6206897
4200521
655867
81085
6167798
765399
4012970
6117198
6165142
9173310
3519298
366904
3730402
10816364
9172737
8897517
885882
435626
11887806
10517288
9508607
6103789
1919987
5649482
599268
3391633
1361652
1416887
3497372
5725772
6740673
5388019
1347892
9300972
1483468
1477895
14213
4227843
8953778
7871007
6182475
10527671
6511701
1230169
12031841
11716714
11651420
10541171
6556955
1862117
6169865
12516094
6220990
1767426
3564503
3275855
468281
6157395
6519259
1386768
1262162
3953520
213858
10514801
11338811
10541742
124544
6144992
9068442
823196
11331349
10540402
2066714
3800094
9480700
878311
6206897
6182629
3506095
9460526
6437835
7417195
10529925
3499903
10530385
11298336
1785548
5333
3734851
1089898
10529455
11895817
2180678
7639627
1747579
3832078
9411935
10516197
120982
1094833
6227736
451433
6139235
9295259
6235767
7414488
10512409
9301812
441399
72424
4231187
6211936
208163
2169250
5735479
11959006
6931620
6568583
10517813
2176363
398628
12862
12579832
1908737
4072892
11459514
9214386
1139219
11594783
476484
438998
11733715
7412900
6057216
93344
9301210
1392093
6173129
9379256
1548171
694942
6160026
3651220
11302432
1882351
1257935
11648376
1319223
11306296
1477879
638779
4020586
6489629
6179827
10524422
16033
4096469
11833597
655045
787702
567518
9450257
1867535
3670730
10522779
10002
336877
6090225
10516222
1494770
1525326
9188401
5252181
5648988
8941726
10540951
10518536
11188385
1825723
1953069
11304934
6457835
2097521
4266133
6458188
11586583
599613
1288586
7642998
1132853
7855805
6205101
6932118
11633729
9509184
10509677
6981
9508501
11717069
3505863
9509020
9476232
11728831
5587676
862009
5688980
1618099
6104692
2120971
5877502
7639105
1029043
6048337
3677152
1181978
31351
1169854
6182418
479280
533725
11236778
2000517
6057216
2334
370105
11340850
9313272
5925862
6182629
2140825
10544281
1023050
840914
4239344
1410102
7653205
10550281
3634161
1847840
651430
9821
6047438
3499183
742734
11335113
413808
19155
2117392
1552304
10529029
4214476
9379995
8970797
9372648
326878
1820920
6162984
3898351
669986
3975594
6118580
6931352
6436198
3571238
6083865
3874457
288465
11559017
9123643
429950
3645904
1514837
7411770
6215022
645546
854958
9495352
3573000
12032561
6174426
10538887
3573000
6054424
7649591
10600573
269381
6163406
10538843
2240005
1340371
3556642
3564613
11928935
1686930
2106530
7413264
11422696
208098
6505003
4185717
6445985
1977380
3415045
1610045
9051347
228642
1304124
598831
6201711
3279470
10817996
1019
503782
1743363
6463852
2841013
3432798
306590
11211473
2262351
4009512
11888460
11099193
9045
10536626
7828488
7416775
10522818
627261
9137003
10547424
6125675
3926545
11182853
9361505
7649910
132636
5706018
373483
918043
2779813
9154827
7407778
285216
11650897
6216695
2176365
3504677
3475766
3629198
1081483
793693
3874657
8916075
1063964
9564
11181373
5707
7391668
9239872
1276147
11133193
991727
10531769
258392
3675664
1635492
13076
3501937
10515310
3937393
3595736
5948643
6551533
343736
1448609
6442839
364517
4189072
10539902
7415622
12696458
6102187
434006
966881
6087584
6123008
3994098
9411506
482378
312066
3924175
553245
10533158
6182629
3597349
12835
137614
12122654
6126671
11141016
3360433
11685506
6174406
6301462
9325067
11089609
3644345
6719586
827228
366495
1156469
5649075
22347
11196905
6207800
5877943
228732
3626646
941
11172912
6515678
9066177
1318598
553203
9413796
296067
9410686
268963
12026449
90627
10543522
509037
5701854
3571364
3653744
10525585
1890735
3688150
9046373
6177476
28213
7861203
6050287
10524539
9066535
11966178
10543579
3923206
12256867
9143830
1780878
3581247
9267139
1310648
2528582
12040173
870393
9044049
9052249
6103793
969512
10540323
12050581
1056695
1084107
10535428
1088720
879554
1548
7416149
6047513
3692764
1565253
1436455
11132975
1788410
8964
1587147
4118591
39619
6117562
6143736
1248520
6728712
827107
9185537
9108176
3573484
6172443
3860910
1491926
3787748
5925862
304244
1095742
934487
7660
8856
11940228
257064
1644648
84512
6167940
4110238
8962217
3100710
182210
1107781
6057216
11563247
2270424
8967943
3658913
3795933
3934952
6175706
915698
1497894
640953
6549301
135212
3532105
902688
5651667
158757
1806935
10540853
12043592
9460360
6490098
5917339
1338284
6141361
5645504
6136290
6141264
6179488
4175736
3823369
10526012
3337514
8934190
1252503
1361454
6176125
6164452
6168589
356509
11646168
9273456
35742
1271775
1193208
1788362
413909
10537913
581102
742706
1014757
2254937
6296976
3647377
4228842
11306135
1775177
2025725
1748711
1147362
7803990
1812143
10539980
5695461
10527758
285006
3663295
6639845
1469859
9191473
11329987
1376868
8975127
383813
5551985
6162291
7398869
2190434
978107
11229348
938104
6453255
9008025
417701
2028948
2037840
1563880
6102728
1689623
2094186
1229948
6054248
6178074
6168040
7636299
11889758
6227736
10002
6229999
9136480
10510600
8297407
10529792
1536018
437389
1649241
6137092
3728812
6121325
3870350
10512486
6123314
8298997
9106920
12032050
1699800
6222790
8959160
6124704
1458554
10537811
11440155
3561963
10513343
2173013
4131041
7845521
9398737
6095732
3838300
1147005
2235813
3692764
9045415
6464886
9376638
9093714
53053
1056214
10524444
12031608
587748
9267066
3573372
9406899
7417369
11431265
4047926
9101297
6182629
11144327
11241045
10542476
1481136
1148033
6743911
8978203
3519298
6556884
10543048
2009164
11497882
359300
7405737
9245940
6168882
11573275
2254691
4333820
351784
6206897
6156932
11196905
561437
11093259
942213
6511364
7414342
1962650
11909869
10520520
6197246
5925862
1583167
10532904
3819155
11092961
787763
1788437
12041092
3275893
2243585
572467
1107993
10527019
11303580
519615
7640180
6143736
10516531
12031157
4260623
6649050
1939078
3655013
1625124
1861900
2034700
572700
517522
6223600
563826
9227160
5314217
1234617
11730070
6161923
11653646
11978996
6114176
10533554
6173690
12257383
7411329
10536044
2040817
3752296
10529925
1834576
191469
7413424
12706993
6237509
3368736
11310319
4197489
1106223
11707047
10541461
1397305
6386693
39868
8961152
10528548
5878683
3677891
6175254
5735234
9026623
10521132
7638628
6167869
4286587
11340955
6539679
3499440
952790
1306649
6124950
1777582
10547924
529485
9821
11455145
377132
571821
3464622
3653744
8942638
1731536
11568970
3750571
9410760
927996
2160801
2034725
11906720
6165077
6207800
6653984
1959937
6160420
7802479
10544360
11744942
6182779
11959213
576584
7653411
11936908
366839
818393
11584060
765302
616101
10526460
822724
302085
1147494
460366
6125041
819223
306613
182210
4078641
6187407
10528160
6115578
6167798
6156588
6452913
6461235
1276124
573145
738271
10548964
1270443
10515972
11314293
5925862
1516368
10517697
2063310
11713596
9174376
848472
11716341
6079
891834
3506131
284887
9245322
1844738
360975
6519834
3682705
498710
6111142
1543768
4039368
11503479
1763270
11447840
7846674
4118877
1699975
1181901
429841
6255793
3826436
410676
1947707
6168097
12046400
9033519
7649400
9053031
7412518
10812404
11334568
10547887
6127834
374640
1297257
672990
1488712
10547215
12121367
1874569
3668494
11671214
6125317
1050187
6116172
611259
6141774
1380666
6205783
391915
1248131
11715506
3413802
1271611
1161463
5812049
3786193
8897063
3666981
6169499
10533824
9140790
1929
348819
6072076
5881055
5720302
6165077
6514318
1267755
11716714
218913
9397924
10538824
5351626
3113320
3085319
4145393
12031982
572361
1858625
915571
11733536
747958
1962790
1874410
1583300
618351
6095216
4031020
5388939
10518759
392616
10521570
1610074
1369110
6726541
6207800
9249043
5925862
4151042
3939407
9108965
6464175
11318566
3276386
6160794
11721902
7010
1782863
1197086
882542
12257262
866494
6205783
11503165
6051980
6187836
1479197
6176316
1319223
1108153
11637208
9121554
3552517
11209740
6659290
733792
1242374
9074821
733687
1783393
6106988
368198
747036
3478206
3635642
4650
1099106
2199831
6207800
6930926
1782950
366586
1158659
2239923
9436600
879586
11210189
11076553
11204666
6173289
11609706
2209620
7625493
9189707
10536108
853488
6740694
3665826
6511632
1046319
8300174
5742264
7396421
4221899
930313
11324772
1037237
910033
1344191
6122459
1720105
6544808
6178251
3506131
11778718
1100485
303922
1285808
3990383
11234643
886216
6206897
12046400
10517664
1129178
11591030
3674658
11437644
135169
10544644
6205783
292632
3828203
778902
641386
4326093
10533432
3935522
28053
3503408
1499424
3351817
163008
269261
11338572
1481077
4184806
917985
11299967
8954156
12594872
98979
341446
13814
10526967
10519515
6464311
4013732
11925424
306273
1524627
301536
2814842
1531927
3672677
4233079
3531124
3653186
104679
1132778
1238270
6111179
373360
869545
3513259
9087620
6464764
6477358
6046100
818105
3412055
10520986
1735810
6437835
11677649
9379824
9183494
5925862
6136640
1537748
10538038
3156919
813684
6123895
9191097
6184064
423118
1820952
543196
5760528
1825508
101278
3687406
1457955
6156498
8947171
6173832
11233737
392690
9417620
6173155
1704963
11503165
4283086
11298707
12046400
550291
3782094
8955322
1104714
1840462
888494
9508670
6221864
1550563
11335934
6057216
4042818
6544808
9174737
7402359
10520757
869959
74583
9201784
8924357
1248339
7384454
1780023
1797340
6169888
6186534
3537757
3764564
8929019
5876779
1171281
9175213
10545499
6208166
9234414
3662237
11339173
7411695
6054708
787876
9511712
3496846
7646832
10541397
5751498
6494439
11485057
9190761
9313599
1239454
5687965
9440542
3667940
3683785
6207359
11578622
3990526
1147542
4290235
1161351
8950676
11721977
799045
484006
6141190
6184835
1844533
10546156
1440642
6636400
1213152
10543987
11504035
366916
9393199
1200548
42542
1974658
10534664
878365
10511177
2159429
3345439
3820903
6476973
11503101
11472233
9498875
641386
3334281
3159526
1150332
11335131
558993
6462533
1567032
6458475
6629892
1412815
6137018
6223600
1361580
6057216
1230203
1694725
9217371
5651432
203886
9391847
191506
3567544
1671207
5626329
12111829
5411262
1573794
1026621
6104953
256975
324851
11395485
1138230
6216740
9460724
1594198
11133193
1977500
1772164
9414367
6452902
6187477
11880941
6121099
1560753
3581808
3765728
6126443
3672308
6139252
6073347
11668494
11137804
6101686
6167798
2782890
3723102
9282177
872206
10545605
10527240
1023481
6214062
3745118
242712
5564622
11730070
6169188
4073623
564968
6141359
7766876
6528552
9457396
7413147
2135115
11335261
372554
3678439
732789
10513636
201204
858207
11577780
435863
341547
760282
9231668
5589038
594877
834104
1138300
10812933
3509029
6488906
10811462
938101
5918805
6128888
2246972
6951
179430
6203160
6123985
10527103
6142921
11335001
11879751
1276182
11957617
3789390
3577285
1878143
11298852
11323004
11711728
6651294
9041789
4228141
1713412
1308272
9439203
6203715
3540656
7635214
3384265
6230772
3480303
11959140
3410965
11715200
10522632
29550
6931620
81168
1490618
468196
11722669
9173728
1499385
6474769
2078550
3929447
10548700
11437769
3856467
4200782
3805685
3898592
6142125
6168882
6492467
6206897
3567170
3674161
6499809
5925862
3583610
7650172
793
10805
397793
975638
1710014
1727291
6091666
12458997
5666161
884085
11731648
6932821
11229105
6173744
10817652
999084
6157001
4219858
5546579
10524313
3226909
9413198
11607777
11587213
9249372
10525899
11146246
6141872
1834524
11746454
10521297
1768176
10520694
6123751
11094398
1934235
10512497
7411996
9368470
999070
3929926
9179122
9500362
533839
6156228
306663
11438354
4195048
11133347
177209
427339
12027286
1763485
6137096
1301993
4012952
1499434
6121550
6207800
7413878
6140141
466519
5634791
7646970
9264205
1167084
4662
613389
6123409
6186213
1649780
6169954
10538688
1453294
4089527
733935
3359431
315494
9062
9434408
2224426
11704563
7414325
6213698
1287865
6277775
754999
11650897
288253
6136970
9411477
10538138
9457803
3557151
11586983
3421428
226200
974761
8298864
11167644
1181856
1102047
6192095
5768106
5710029
3647365
10515253
5452907
6716032
435900
222913
9096829
7639704
6175607
1883053
5722914
6184123
8968376
9414738
9351575
6133548
1539803
11585080
822724
466784
10524862
11433237
6138486
6074446
1173562
6201349
1490618
10530113
7656924
1107781
10514874
4182
6180812
5353907
9431
1785580
6202178
3920900
11648393
9042866
7652262
9374761
6445083
4212309
11659567
9054
3926702
1208894
1344503
1821406
6206897
3365659
12047240
3640418
3864478
1062516
435886
3335675
556310
509063
463955
10530658
3738969
2191729
9498372
2247219
9414276
1116458
3918760
10528166
7414473
12027510
11113960
6115517
519929
10522440
2094128
675245
214136
10002
6739204
3965399
12113101
49342
6157001
1404658
1448838
11300002
177280
10592746
5719289
7850171
6123993
120982
818720
5870273
654364
6203218
1533832
11139693
1702424
2232028
1775015
3716207
1705769
59143
7645514
9450103
52979
3953899
11337687
6168485
5321069
2009295
1840583
6478054
6742601
9236006
10516859
11339552
813667
6745629
825637
6212725
10529492
1816582
1369261
576593
6168076
7408999
1426493
6209836
9022722
6183213
3979910
6207800
12591035
186034
3642040
1812427
11340555
6138643
1423361
662117
3679526
9177037
10533016
1166956
10513885
302123
4214527
9065180
11326595
10531888
2541001
6459998
11124588
9047143
2057031
5612394
1828483
5560676
369776
11203378
5691732
1332348
2258112
2844095
3624877
7403181
11304469
463237
11732825
6182629
3601141
6655958
12122537
1934224
6206897
10545077
3516839
6141572
9259308
1610042
3779616
478712
3537908
6139848
12457266
986469
1767540
10544878
644121
1705348
253271
1767543
10517252
407774
1803085
1753103
6113344
2060059
9174622
1326576
11957665
6142352
6157001
9508946
6179826
7412064
1775181
1694601
3887831
10543543
6090026
11320219
9475929
11581549
599703
573044
10537480
9435321
115108
11349479
638752
11962932
6135380
4167751
1775217
3673895
11715007
1689836
269125
6123601
10517792
6162253
6200101
11235444
2103095
9473125
9464
11181924
611365
190171
9383694
3675537
3647094
6211185
359046
10523730
1229915
616262
12173873
6119295
1131074
7396452
8513
135287
9280813
2536
311680
3870230
6522681
6229999
1380711
1426754
9508758
6189548
973348
6159097
1229999
1056792
1499541
11805287
994264
4006581
7388800
11088567
5323664
10545045
12205
10809257
4054456
1537690
349002
9243769
10538793
2006192
829115
4204865
1431822
3661635
1587278
6187104
226286
499572
1653380
3488217
9097096
6095364
1147026
2135157
3879048
12122823
1224580
3692890
1844547
1765363
8939099
11886726
10512854
1583331
6160625
12125538
10525510
1658869
2200011
6501459
5632014
10545577
8931955
1090241
11707572
1610078
1768139
1547084
3331326
1684361
5744514
6122926
4180481
7402437
1759680
10522818
6120035
11544717
11633342
9392759
6057216
842253
11502433
6172448
221740
39868
349198
1108153
9213192
3496023
6535531
1273691
1610225
3617139
1454936
10543757
7414972
3841376
675189
10533555
11659302
6156301
1807428
906173
3984969
6176237
10536137
1759871
1599948
4192995
1248509
10542370
2172733
1533849
5632835
213570
6161830
9452155
10515464
6627513
11335008
529383
885949
9043011
3382919
10530041
1139224
1769262
10513475
1380538
6734514
10522879
6176269
3783637
5411644
5937941
1392008
7637980
7856914
1344485
854478
10534182
7413879
888734
571861
7412053
11117198
11568664
119037
11204124
9297231
3614469
1769234
3918956
11402327
6167389
1262034
3678184
6095513
460255
3701149
1132740
6171625
984488
913946
7634049
974668
5925704
6172793
9142404
281532
3566852
79648
6464841
517631
6526742
1662849
6166722
3480623
925191
3731894
881091
7404766
1431749
10533292
7626649
803499
9196667
1200582
6182418
1702233
2135152
1089714
4221112
2713021
1689622
7408954
3551835
11193477
3688744
1738114
10543667
11324772
3634911
4201894
10541656
3573063
6057216
7395984
6550832
6168882
2176371
2022571
6169495
1587410
433150
16051
956525
655749
7820897
312499
10541702
3938246
10524122
9446410
2143474
6461826
930276
3496023
10535324
11240755
11453534
3653744
6182437
1629528
1552514
11746351
154184
9181352
1347952
12043143
6206897
3523910
419656
4148781
1148018
519445
1532068
366847
7843045
875075
3543707
10540871
773
3554524
615098
4196860
1197163
1047271
577123
9173728
910588
84368
9187321
10521585
163138
273505
9197573
1063999
3449331
3623773
829089
769480
11096900
1516268
11105620
9242133
243132
6809490
6931676
1161339
6521511
2720417
5618916
1730076
1266204
3608409
1494770
7786255
148831
4066678
2153676
6053745
6465088
1775193
4221181
1139183
11227214
372567
6210771
945416
1767439
8914465
438905
10551159
1899318
6179145
11077659
891945
10533070
6137480
10521382
11531
6157893
1207176
1465992
1224404
1974834
569881
11469477
6207800
5898466
10507786
1506340
3567537
11181825
10510724
1083023
5924024
5626621
11932449
425938
7414152
6049193
6462520
7412915
11322967
593041
533643
3811297
324733
356534
627222
11716714
9069301
11301453
7849969
9008392
3278972
6171974
3568469
675102
11355991
3528147
3642433
3803143
11140589
3863441
11645465
1738156
719610
1127134
644130
11691487
1156404
11728473
3481346
1150581
1929553
4155115
1840637
3499010
1758477
9248202
993479
6185389
883557
3931157
4190264
9051592
1788347
1543675
10523954
6114501
6166404
909811
1062269
10517131
7395951
4220640
5610184
22634
2782122
108952
563761
366586
1986732
6125588
9014869
1478418
5583224
11293498
1010858
3938742
3504822
6127842
317221
834097
5403601
2025860
9375652
1841810
9058577
6168184
10529740
6116060
29459
11981716
10535694
1139305
12124810
1756586
6931563
3508544
3537565
1974734
3646377
11202665
6736398
2028878
1235601
1890849
362386
12046400
12046400
9476180
433206
11722742
6173987
1235845
8948489
12031608
12027375
1165553
9117508
9229574
6138344
3821929
6169464
6187280
10529387
11880982
362379
11211217
6555416
3475696
4156266
18801
1444645
62520
5862290
9478739
4300381
10532921
1774815
11338628
3827173
3925914
551495
3779887
3635752
1107779
1025702
6119673
3382316
3683112
1847956
180535
10509524
9528
3678929
1231699
9073544
6552176
479405
12588777
12032518
6159338
3817341
11703728
6137701
1830364
9233950
9231166
6336430
6082782
3224982
58674
1877961
174604
6184064
6487352
769
1939194
6140709
6127061
3486858
1111415
6171132
370206
11111433
4120864
9457346
6207521
14654
4218078
9295213
9238355
6432797
6190572
1492167
1903973
489205
374640
1412648
12052726
4126660
3578957
10547426
1548290
6155867
3653258
404369
2043442
7404797
169367
359225
229683
11204252
1730491
11549995
1494770
834203
3540793
915758
4181715
1548224
4231428
1765333
4198682
6128367
3748749
1116933
7850236
531210
641097
1738185
9170119
9498723
208471
10536493
1519639
969586
122862
31542
10509619
6139639
434208
5452525
1116505
11143858
3828083
7638895
6228898
215456
11331290
6660270
4852
5883802
1563900
1392016
1318691
1481136
11511960
11712822
3562087
6542050
6736141
333018
5664403
9051592
8939190
1094432
1565341
6112229
9436116
224247
1783368
3847623
2187658
3788470
9430974
6118588
10535534
11565640
9174511
6464886
6052118
11442698
6046717
1423868
1211875
6598079
1116433
1376518
8289198
8896908
11676514
6464980
616295
5861225
237214
509012
6075349
993410
15226
11733890
12031644
4334307
12126408
3940189
353633
822690
383676
6171097
11298090
1854878
803517
6206897
1771609
10545843
1409733
613456
9114673
11503146
6541686
11452563
765318
6520506
6205101
6163485
9254935
11301590
1002433
1217980
11744942
1108133
11595223
1773268
9174708
11721817
6197246
12257805
6449618
1716661
6212935
11578498
6182629
5691820
6137701
4265104
1908897
2112403
12439772
6227736
9190528
6169865
1167072
10512165
709413
10533676
988779
7638773
11901849
949970
341562
641252
3683804
9219753
6179488
429969
257014
3516335
742718
10542370
11119150
1618091
7414320
1490618
10606037
4088147
6141883
10520369
2206503
6123784
12257566
9313070
3700611
361087
5925862
11203468
7836992
10520726
2085212
5699853
6126959
3505174
2166078
2088334
1344533
3633803
2091268
22516
11164963
12611993
6047490
7418499
6206897
6170170
1454037
6453969
10510747
8758
1108039
629430
3352683
4150533
36413
3713145
1762766
4093986
1619836
4193932
5583123
11239
10530362
7386179
6177768
1519479
845511
433330
